16665 20306 27711 17045 19022 20349 22987 26542 30891 24639 
10212 17064 18642 14036 14067 12075 13961 24777 27847 22656 
18550 19427 27193 17026 21311 15570 22445 28334 29655 31456 
16455 20756 30445 20559 20456 15950 27716 30032 34515 28792 
15735 22805 30384 16084 20128 16568 21556 31658 28603 35918 
15311 23625 27229 17197 18141 18051 20398 31061 30555 32167 
25849 28530 44315 28647 29102 28229 35557 41453 44090 39558 
25252 28957 34868 24099 32349 26302 29671 37022 40121 38249 
17289 30368 31168 23768 21590 23251 23018 36245 40855 31286 
15530 23103 35886 18223 21029 16968 22493 32562 34448 38283 

16665 20306 27711 17045 19022 20349 22987 26542 30891 24639 
10212 17064 18642 14036 14067 12075 13961 24777 27847 22656 
18550 19427 27193 17026 21311 15570 22445 28334 29655 31456 
16455 20756 30445 20559 20456 15950 27716 30032 34515 28792 
15735 22805 30384 16084 20128 16568 21556 31658 28603 35918 
15311 23625 27229 17197 18141 18051 20398 31061 30555 32167 
25849 28530 44315 28647 29102 28229 35557 41453 44090 39558 
25252 28957 34868 24099 32349 26302 29671 37022 40121 38249 
17289 30368 31168 23768 21590 23251 23018 36245 40855 31286 
15530 23103 35886 18223 21029 16968 22493 32562 34448 38283 

16665 20306 27711 17045 19022 20349 22987 26542 30891 24639 
10212 17064 18642 14036 14067 12075 13961 24777 27847 22656 
18550 19427 27193 17026 21311 15570 22445 28334 29655 31456 
16455 20756 30445 20559 20456 15950 27716 30032 34515 28792 
15735 22805 30384 16084 20128 16568 21556 31658 28603 35918 
15311 23625 27229 17197 18141 18051 20398 31061 30555 32167 
25849 28530 44315 28647 29102 28229 35557 41453 44090 39558 
25252 28957 34868 24099 32349 26302 29671 37022 40121 38249 
17289 30368 31168 23768 21590 23251 23018 36245 40855 31286 
15530 23103 35886 18223 21029 16968 22493 32562 34448 38283 

16665 20306 27711 17045 19022 20349 22987 26542 30891 24639 
10212 17064 18642 14036 14067 12075 13961 24777 27847 22656 
18550 19427 27193 17026 21311 15570 22445 28334 29655 31456 
16455 20756 30445 20559 20456 15950 27716 30032 34515 28792 
15735 22805 30384 16084 20128 16568 21556 31658 28603 35918 
15311 23625 27229 17197 18141 18051 20398 31061 30555 32167 
25849 28530 44315 28647 29102 28229 35557 41453 44090 39558 
25252 28957 34868 24099 32349 26302 29671 37022 40121 38249 
17289 30368 31168 23768 21590 23251 23018 36245 40855 31286 
15530 23103 35886 18223 21029 16968 22493 32562 34448 38283 

16665 20306 27711 17045 19022 20349 22987 26542 30891 24639 
10212 17064 18642 14036 14067 12075 13961 24777 27847 22656 
18550 19427 27193 17026 21311 15570 22445 28334 29655 31456 
16455 20756 30445 20559 20456 15950 27716 30032 34515 28792 
15735 22805 30384 16084 20128 16568 21556 31658 28603 35918 
15311 23625 27229 17197 18141 18051 20398 31061 30555 32167 
25849 28530 44315 28647 29102 28229 35557 41453 44090 39558 
25252 28957 34868 24099 32349 26302 29671 37022 40121 38249 
17289 30368 31168 23768 21590 23251 23018 36245 40855 31286 
15530 23103 35886 18223 21029 16968 22493 32562 34448 38283 

16665 20306 27711 17045 19022 20349 22987 26542 30891 24639 
10212 17064 18642 14036 14067 12075 13961 24777 27847 22656 
18550 19427 27193 17026 21311 15570 22445 28334 29655 31456 
16455 20756 30445 20559 20456 15950 27716 30032 34515 28792 
15735 22805 30384 16084 20128 16568 21556 31658 28603 35918 
15311 23625 27229 17197 18141 18051 20398 31061 30555 32167 
25849 28530 44315 28647 29102 28229 35557 41453 44090 39558 
25252 28957 34868 24099 32349 26302 29671 37022 40121 38249 
17289 30368 31168 23768 21590 23251 23018 36245 40855 31286 
15530 23103 35886 18223 21029 16968 22493 32562 34448 38283 

16665 20306 27711 17045 19022 20349 22987 26542 30891 24639 
10212 17064 18642 14036 14067 12075 13961 24777 27847 22656 
18550 19427 27193 17026 21311 15570 22445 28334 29655 31456 
16455 20756 30445 20559 20456 15950 27716 30032 34515 28792 
15735 22805 30384 16084 20128 16568 21556 31658 28603 35918 
15311 23625 27229 17197 18141 18051 20398 31061 30555 32167 
25849 28530 44315 28647 29102 28229 35557 41453 44090 39558 
25252 28957 34868 24099 32349 26302 29671 37022 40121 38249 
17289 30368 31168 23768 21590 23251 23018 36245 40855 31286 
15530 23103 35886 18223 21029 16968 22493 32562 34448 38283 

16665 20306 27711 17045 19022 20349 22987 26542 30891 24639 
10212 17064 18642 14036 14067 12075 13961 24777 27847 22656 
18550 19427 27193 17026 21311 15570 22445 28334 29655 31456 
16455 20756 30445 20559 20456 15950 27716 30032 34515 28792 
15735 22805 30384 16084 20128 16568 21556 31658 28603 35918 
15311 23625 27229 17197 18141 18051 20398 31061 30555 32167 
25849 28530 44315 28647 29102 28229 35557 41453 44090 39558 
25252 28957 34868 24099 32349 26302 29671 37022 40121 38249 
17289 30368 31168 23768 21590 23251 23018 36245 40855 31286 
15530 23103 35886 18223 21029 16968 22493 32562 34448 38283 

